30 10
0.500000
317.892417 -513.160538 7793.474901 -2022.416391 739.038208 -389.280395
18.603348 -631.789085 2577.320965 2401.672884 -46.893007 -436.660149
2.804448 982.353213 -2054.065621 -8740.047285 470.500608 -857.099898
649.637730 -99.352006 5398.783283 7819.995605 -353.014980 832.282287
634.827938 -257.833530 -2292.641914 -411.679670 287.735175 372.023893
238.947789 460.444273 -953.681366 -8455.787966 276.285706 913.086016
198.723755 676.947740 7254.197472 6219.301501 -917.865703 994.887642
493.474873 -88.504478 -3629.046529 326.980852 -449.462215 -900.958792
644.200612 725.946870 -4448.740140 6262.567877 -868.694448 272.675647
148.154991 -740.728095 8919.660443 9956.795916 -390.886282 -207.785538
832.530763 305.954001 4559.801427 3727.966060 -574.582042 976.901389
806.967179 -820.612512 7696.543120 -1214.228535 307.439136 -952.024153
850.395180 -893.543879 -9832.449433 -2605.933120 -638.702378 -373.529288
340.136992 -73.771606 -2215.000536 -6235.625656 403.645161 -251.450267
179.695328 778.556315 -9708.987981 1086.017209 -206.527540 -299.701973
586.473060 -620.900784 5447.353382 7246.582002 774.815612 201.044761
204.807857 -19.916243 -11.906468 -7506.091331 -275.450362 909.787732
994.537026 -150.224320 1596.548105 5917.622967 -549.051777 -72.039217
402.106967 -801.821687 -3969.156481 6345.842502 281.638650 -50.550543
531.002103 485.463701 -1843.829499 8804.361692 88.021972 -985.910198
462.516844 919.265173 7389.227937 5023.645211 -362.719347 -540.735270
392.993988 122.600251 -3044.511032 -7186.104908 -37.280023 421.916307
772.426834 -653.714098 2797.403607 8416.037540 720.877855 540.872988
224.707877 89.570730 9414.316338 -2938.647975 -506.305318 -618.762422
374.245796 859.199438 1964.923550 770.142733 468.913142 -872.756508
936.887387 174.152508 -444.537689 8616.166311 -865.156146 557.840513
143.518401 -73.153156 -1534.156559 9867.906014 -940.263630 -184.591801
693.782585 -974.191206 -4389.699857 -4284.617932 -225.765829 -34.216404
963.706357 -735.654151 6073.857355 -1750.962708 -665.487888 -159.513781
550.753515 936.088580 -224.686760 -3149.289795 120.403341 275.642503
