7793.474901 -2022.416391
2577.320965 2401.672884
-2054.065621 -8740.047285
5398.783283 7819.995605
-2292.641914 -411.679670
-953.681366 -8455.787966
7254.197472 6219.301501
-3629.046529 326.980852
-4448.740140 6262.567877
8919.660443 9956.795916
4559.801427 3727.966060
7696.543120 -1214.228535
-9832.449433 -2605.933120
-2215.000536 -6235.625656
-9708.987981 1086.017209
5447.353382 7246.582002
-11.906468 -7506.091331
1596.548105 5917.622967
-3969.156481 6345.842502
-1843.829499 8804.361692
7389.227937 5023.645211
-3044.511032 -7186.104908
2797.403607 8416.037540
9414.316338 -2938.647975
1964.923550 770.142733
-444.537689 8616.166311
-1534.156559 9867.906014
-4389.699857 -4284.617932
6073.857355 -1750.962708
-224.686760 -3149.289795
---
8162.994005 -2217.056589
2553.874462 2183.342809
-1818.815317 -9168.597234
5222.275793 8236.136749
-2148.774326 -225.667723
-815.538513 -7999.244958
6795.264621 6716.745322
-3853.777636 -123.498544
-4883.087364 6398.905701
8724.217302 9852.903147
4272.510406 4216.416755
7850.262688 -1690.240611
-10151.800622 -2792.697764
-2013.177956 -6361.350790
-9812.251751 936.166223
5834.761188 7347.104382
-149.631649 -7051.197465
1322.022217 5881.603359
-3828.337156 6320.567231
-1799.818513 8311.406593
7207.868263 4753.277576
-3063.151044 -6975.146755
3157.842535 8686.474034
9161.163679 -3248.029186
2199.380121 333.764479
-877.115762 8895.086568
-2004.288374 9775.610114
-4502.582771 -4301.726134
5741.113411 -1830.719599
-164.485089 -3011.468544
---
8532.513265 -2411.697298
2530.427363 1965.010735
-1583.595245 -9597.154795
5045.768304 8652.277957
-2004.906728 -39.655782
-677.395305 -7542.701852
6336.331600 7214.189782
-4078.508747 -573.977937
-5317.433651 6535.243681
8528.774180 9749.010334
3985.219372 4704.867445
8003.982290 -2166.252471
-10471.151815 -2979.462394
-1811.355369 -6487.075939
-9915.515515 786.315160
6222.169063 7447.626629
-287.356838 -6596.303605
1047.496326 5845.583748
-3687.519330 6295.291714
-1755.807535 7818.451504
7026.508599 4482.909746
-3081.791074 -6764.188571
3518.281445 8956.910533
8908.010994 -3557.410379
2433.836754 -102.613662
-1309.693821 9174.006823
-2474.420203 9683.314161
-4615.465659 -4318.834354
5408.369379 -1910.476499
-104.283436 -2873.647280
---
8902.033025 -2606.338783
2506.979992 1746.676971
-1348.386732 -10025.724358
4869.260811 9068.419174
-1861.039118 146.356155
-539.251970 -7086.158587
5877.398203 7711.634713
-4303.239859 -1024.457329
-5751.779741 6671.581642
8333.331080 9645.117480
3697.928325 5193.318133
8157.701753 -2642.264031
-10790.503010 -3166.227009
-1609.532777 -6612.801104
-10018.779277 636.464023
6609.577082 7548.148741
-425.082033 -6141.409755
772.970433 5809.564136
-3546.701813 6270.016241
-1711.796584 7325.496396
6845.148946 4212.541872
-3100.431118 -6553.230367
3878.720342 9227.347032
8654.858276 -3866.791537
2668.293440 -538.991702
-1742.271864 9452.927088
-2944.552023 9591.018178
-4728.348521 -4335.942589
5075.625288 -1990.233398
-44.081800 -2735.826008
---
9271.553697 -2800.980704
2483.532551 1528.341835
-1113.182004 -10454.300203
4692.753325 9484.560389
-1717.171500 332.368088
-401.108608 -6629.615224
5418.461337 8209.086858
-4527.970973 -1474.936720
-6186.125755 6807.919588
8137.888004 9541.224600
3410.637267 5681.768821
8311.420891 -3118.275436
-11109.854208 -3352.991611
-1407.710178 -6738.526282
-10122.043041 486.612809
6996.986277 7648.668416
-562.807232 -5686.515915
498.444540 5773.544524
-3405.884403 6244.740813
-1667.785645 6832.541257
6663.789306 3942.173992
-3119.071174 -6342.272148
4239.159223 9497.783528
8401.705529 -4176.172636
2902.750182 -975.369658
-2174.849904 9731.847362
-3414.683829 9498.722179
-4841.231358 -4353.050839
4742.881153 -2069.990289
16.119816 -2598.004727
---
9641.074967 -2995.622617
2460.085150 1310.005618
-877.978921 -10882.879199
4516.245864 9900.701593
-1573.303875 518.380014
-262.965260 -6173.071801
4959.525352 8706.538975
-4752.702085 -1925.416109
-6620.471729 6944.257525
7942.444961 9437.331724
3123.346203 6170.219512
8465.139810 -3594.286866
-11429.205406 -3539.756199
-1205.887561 -6864.251472
-10225.306808 336.761522
7384.395159 7749.188107
-700.532431 -5231.622087
223.918647 5737.524912
-3265.067024 6219.465427
-1623.774727 6339.586094
6482.429680 3671.806117
-3137.711242 -6131.313917
4599.598085 9768.220014
8148.552769 -4485.553660
3137.207001 -1411.747555
-2607.427946 10010.767641
-3884.815620 9406.426174
-4954.114172 -4370.159101
4410.136978 -2149.747171
76.321412 -2460.183437
---
10010.596540 -3190.264441
2436.637842 1091.668563
-642.776725 -11311.459824
4339.738525 10316.842784
-1429.436246 704.391934
-124.821949 -5716.528356
4500.589471 9203.991274
-4977.433196 -2375.895494
-7054.817679 7080.595458
7747.001963 9333.438917
2836.055134 6658.670206
8618.858614 -4070.298358
-11748.556606 -3726.520776
-1004.064919 -6989.976662
-10328.570582 186.910163
7771.803970 7849.707759
-838.257626 -4776.728270
-50.607248 5701.505302
-3124.249627 6194.190075
-1579.763845 5846.630908
6301.070067 3401.438247
-3156.351324 -5920.355676
4960.036855 10038.656468
7895.400013 -4794.934593
3371.663935 -1848.125426
-3040.005989 10289.687920
-4354.947400 9314.130173
-5066.996963 -4387.267375
4077.392754 -2229.504037
136.522985 -2322.362134
---
10380.118274 -3384.906185
2413.190633 873.330869
-407.575075 -11740.041281
4163.230645 10732.984823
-1285.568613 890.403847
13.321331 -5259.984919
4041.653577 9701.444066
-5202.164305 -2826.374872
-7489.163614 7216.933388
7551.559019 9229.546286
2548.764064 7147.120901
8772.577342 -4546.309910
-12067.907805 -3913.285340
-802.242262 -7115.701845
-10431.834363 37.058733
8159.212743 7950.227339
-975.982816 -4321.834461
-325.133144 5665.485693
-2983.432178 6168.914740
-1535.753017 5353.675712
6119.710465 3131.070384
-3174.991419 -5709.397426
5320.476095 10309.092089
7642.247295 -5104.315432
3606.121082 -2284.503339
-3472.584032 10568.608197
-4825.079176 9221.834178
-5179.879733 -4404.375660
3744.648449 -2309.260869
196.724537 -2184.540812
---
10749.640104 -3579.547866
2389.743506 654.992688
-172.373787 -12168.623119
3986.722715 11149.126865
-1141.700978 1076.415752
151.464591 -4803.441505
3582.718078 10198.897482
-5426.895412 -3276.854241
-7923.509536 7353.271318
7356.116077 9125.653953
2261.472993 7635.571596
8926.296012 -5022.321503
-12387.259003 -4100.049893
-600.419597 -7241.427021
-10535.098153 -112.792765
8546.621511 8050.746819
-1113.707999 -3866.940656
-599.659044 5629.466085
-2842.614664 6143.639393
-1491.742241 4860.720527
5938.350872 2860.702527
-3193.631530 -5498.439168
5680.915272 10579.527558
7389.094640 -5413.696210
3840.578855 -2720.881525
-3905.162076 10847.528474
-5295.210953 9129.538189
-5292.762482 -4421.483959
3411.903906 -2389.017585
256.926072 -2046.719461
---
11119.161993 -3774.189500
2366.296418 436.654138
62.827247 -12597.205072
3810.214763 11565.268889
-997.833342 1262.427652
289.607835 -4346.898122
3123.782924 10696.351112
-5651.626518 -3727.333592
-8357.855450 7489.609246
7160.673012 9021.761893
1974.181922 8124.022290
9080.014638 -5498.333122
-12706.610201 -4286.814436
-398.596929 -7367.152193
-10638.361952 -262.644328
8934.030317 8151.266199
-1251.433175 -3412.046852
-874.184952 5593.446475
-2701.797099 6118.364012
-1447.731499 4367.765375
5756.991283 2590.334676
-3212.271657 -5287.480904
6041.354365 10849.963005
7135.942037 -5723.076963
4075.057668 -3157.263437
-4337.740119 11126.448749
-5765.342736 9037.242205
-5405.645211 -4438.592273
3079.151196 -2468.772852
317.127601 -1908.898072
---
11488.683921 -3968.831098
2342.849304 218.315305
298.028096 -13025.786978
3633.706793 11981.410894
-853.965706 1448.439546
427.751064 -3890.354781
2664.847988 11193.804850
-5876.357626 -4177.812911
-8792.201357 7625.947175
6965.229784 8917.869916
1686.890852 8612.472981
9233.733231 -5974.344758
-13025.961398 -4473.578969
-196.774258 -7492.877363
-10741.625759 -412.495955
9321.439179 8251.785517
-1389.158344 -2957.153048
-1148.710864 5557.426856
-2560.979508 6093.088596
-1403.720774 3874.810269
5575.631698 2319.966830
-3230.911801 -5076.522634
6401.793400 11120.398467
6882.789472 -6032.457707
4309.535395 -3593.644457
-4770.318162 11405.369024
-6235.474527 8944.946223
-5518.527918 -4455.700611
2746.398908 -2548.528470
377.329137 -1771.076636
---
